[[255 255 255 255 255 255 252 255 200  51 165 166 158 114 128 255 255 247 106 162 243 248 204   0 183 255 255 253 255 255 255 255 255 255 255 255 255 255 255 255 255 255 255 255 255 255 255 255 255 255 255 255 255]
 [255 255 255 255 255 250 255 176  20   0   0   2   0   1 247 241 255 255 236  85 169 168  49 202 248 255 245 255 255 255 247 255 255 255 246 255 255 255 255 255 255 255 255 255 255 255 255 255 255 255 255 255 255]
 [255 255 255 255 255 240 255 255 236 255 254 253 255 249 255 247 247 244 255 246 222 226 244 254 255 249 255 254 255 239 253 255 244 241 255 255 255 255 255 255 255 255 255 255 255 255 255 255 255 255 255 255 255]
 [255 255 255 255 255 255 255 255 253 255 241 241 255 255 247 255 255 255 246 255 249 239 255 255 237 255 255 237 133  21  93 239 255 255 251 253 242 255 255 255 255 255 255 255 255 255 255 255 255 255 255 255 255]
 [255 255 255 255 255 249 244 250 254 255 255 255 255 239 255 244 251 255 255 239 255 254 255 240 255 255 245 108   0   0   0 109 238 251 244 255 255 255 255 255 255 255 255 255 255 255 255 255 255 255 255 255 255]
 [255 255 255 255 255 255 255 255 255 253 255 255 244 255 255 245 255 241 255 255 255 255 255 251 255 255 130   0   0   1   0  14 209 255 255 246 248 255 255 255 255 255 255 255 255 255 255 255 255 255 255 255 255]
 [255 255 255 255 255 255 250 241 251 239 250 254 255 242 250 255 255 245 248 255 248 245 249 255 255 199   2   0  10   0   8   0  77 255 244 252 255 255 255 255 255 255 255 255 255 255 255 255 255 255 255 255 255]
 [255 255 255 255 255 250 255 252 255 255 255 249 254 254 255 251 243 255 255 255 255 255 255 247 252  59   0   6   0  11   1   1   0 232 255 255 239 255 255 255 255 255 255 255 255 255 255 255 255 255 255 255 255]
 [255 255 255 255 255 247 255 255 254 243 255 251 252 255 255 248 255 252 255 249 255 253 255 255 150   0   0   4   0   0   0   5   0 122 252 255 255 255 255 255 255 255 255 255 255 255 255 255 255 255 255 255 255]
 [255 255 255 255 255 255 255 255 255 255 255 255 255 255 255 255 255 255 255 255 255 248 255 255  28   0   0  18   0   8   0   0   9  30 251 255 255 255 255 255 255 255 255 255 255 255 255 255 255 255 255 255 255]
 [255 255 255 255 255 255 255 255 255 255 255 255 255 255 255 255 255 255 255 255 255 255 242 169   3   0   2   0  78 179 200 152  11   0 203 255 247 255 255 255 255 255 255 255 255 255 255 255 255 255 255 255 255]
 [255 255 255 255 255 255 255 255 255 255 255 255 255 255 255 255 255 255 255 255 255 255 252  45   8   4   0 112 241 251 255 251 112   2 146 252 255 255 255 255 255 255 255 255 255 255 255 255 255 255 255 255 255]
 [255 255 255 255 255 255 255 255 255 255 255 255 255 255 255 255 255 255 255 255 255 246 236   0  13   0  36 248 255 254 243 255 241   8  77 243 250 255 255 255 255 255 255 255 255 255 255 255 255 255 255 255 255]
 [255 255 255 255 255 255 255 255 255 255 255 255 255 255 255 255 255 255 255 255 255 253 161   0   2   5 184 255 236 255 255 252 255  10  26 255 252 255 255 255 255 255 255 255 255 255 255 255 255 255 255 255 255]
 [255 255 255 255 255 255 255 255 255 255 255 255 255 255 255 255 255 255 255 255 255 250 116   0   0  64 255 241 255 245 255 248 255  56   0 249 255 255 255 255 255 255 255 255 255 255 255 255 255 255 255 255 255]
 [255 255 255 255 255 255 255 255 255 255 255 255 255 255 255 255 255 255 255 255 255 252  96   0   0 152 254 237 255 248 255 252 253  60   0 212 245 255 255 255 255 255 255 255 255 255 255 255 255 255 255 255 255]
 [255 255 255 255 255 255 255 255 255 255 255 255 255 255 255 255 255 255 255 255 255 255  45  10   9 251 255 255 249 255 254 250 238   0   1 230 255 255 255 255 255 255 255 255 255 255 255 255 255 255 255 255 255]
 [254 254 254 254 254 254 254 254 254 254 254 254 254 254 254 254 254 254 254 254 254 245  43   1  74 255 255 248 247 254 245 255 166   0  11 235 253 254 254 254 254 254 254 254 254 254 254 254 254 254 254 254 254]
 [254 254 254 254 254 254 254 254 254 254 254 254 254 254 254 254 254 254 254 254 254 255  34   2 135 234 255 255 255 254 255 250  25   8   6 229 255 254 254 254 254 254 254 254 254 254 254 254 254 254 254 254 254]
 [255 255 255 255 255 255 255 255 255 255 255 255 255 255 255 255 255 255 255 255 255 254   0   0 196 255 236 243 255 255 255 145   2   0   0 255 241 255 255 255 255 255 255 255 255 255 255 255 255 255 255 255 255]
 [253 253 253 253 253 253 253 253 253 253 253 253 253 253 253 253 253 253 253 253 253 255  28   6 210 251 255 255 245 255 220  16   5   8  41 255 255 253 253 253 253 253 253 253 253 253 253 253 253 253 253 253 253]
 [255 255 255 255 255 255 255 255 255 255 255 255 255 255 255 255 255 255 255 255 255 247  32   1 254 250 255 240 255 250  76   0   0   0  82 255 255 255 255 255 255 255 255 255 255 255 255 255 255 255 255 255 255]
 [  0   0   0   0   0   0   0   0   0   0   0   0   0   0   0   0   0   0   0   0   0   0  10   0   7   2   0   0   8   5   0   0   0  14   0   0   2   0   0   0   0   0   0   0   0   0   0   0   0   0   0   0   0]
 [  0   0   0   0   0   0   0   0   0   0   0   0   0   0   0   0   0   0   0   0   0   0   9   0   0  15   0   0   0   0  16   1   5   0   9  12   0   0   0   0   0   0   0   0   0   0   0   0   0   0   0   0   0]
 [255 255 255 255 255 255 255 255 255 255 255 255 255 255 255 255 255 255 255 255 255 255  83  37 255 236 255 167   7  13   0   5   0 106 244 255 255 255 255 255 255 255 255 255 255 255 255 255 255 255 255 255 255]
 [255 255 255 255 255 255 255 255 255 255 255 255 255 245 255 255 255 246 253 255 254 255 112  10 255 248 166  22   0   6   0   6   0 187 255 254 255 255 255 255 255 255 255 255 255 255 255 255 255 255 255 255 255]
 [255 255 255 255 255 255 255 255 255 255 255 255 255 255 252 243 255 255 255 243 249 251 165   0 251 151   0   0  17   0   0   0  78 255 237 255 24255 255 255 255 255 255 255 255 255 255 255 255 255 255 255 255]
 [255 255 255 255 255 255 255 255 255 255 255 255 255 255 255 254 247 254 246 245 255 253 217   9  83  12   8   9   0   0  12   0 219 255 255 247 255 255 255 255 255 255 255 255 255 255 255 255 255 255 255 255 255]
 [255 255 255 255 255 255 255 255 255 255 255 255 255 251 250 252 255 255 255 255 251 245 225   0   0   0   0   0  13   3   0 105 255 249 247 255 255 255 255 255 255 255 255 255 255 255 255 255 255 255 255 255 255]
 [255 255 255 255 255 255 255 255 255 255 255 255 255 255 240 255 255 247 251 255 247 217  15   0  13   0  13   0   2   0  50 234 255 255 244 255 247 255 255 255 255 255 255 255 255 255 255 255 255 255 255 255 255]
 [255 255 255 255 255 255 255 255 255 255 255 255 255 255 255 255 255 241 255 238 156   0  15   0   0   7   0  15   0  25 194 250 255 244 255 245 255 255 255 255 255 255 255 255 255 255 255 255 255 255 255 255 255]
 [255 255 255 255 255 255 255 255 255 255 255 255 255 249 254 251 254 255 239 122   0   0   4   2   0   2   8   0   6 151 255 251 254 248 255 255 255 255 255 255 255 255 255 255 255 255 255 255 255 255 255 255 255]
 [255 255 255 255 255 255 255 255 255 255 255 255 255 252 255 255 255 226  89   0   5   1   1   0  11   0   0   7 118 255 252 254 255 248 249 255 245 255 255 255 255 255 255 255 255 255 255 255 255 255 255 255 255]
 [254 254 254 254 254 255 249 255 244 253 255 245 255 255 250 255 228  56   0  13   0   3   5   0  11   0   1 131 255 254 254 254 254 254 254 254 254 254 254 254 254 254 254 254 254 254 254 254 254 254 254 254 254]
 [  1   1   1   1   1   2   0   0  24   0   0   0   0   3   0   0  10   6  13   0   8   1   0   0   0  11   0   0   2   1   1   1   1   1   1   1   1   1   1   1   1   1   1   1   1   1   1   1   1   1   1   1   1]
 [255 255 255 255 255 255 255 250 255 249 255 255 243 253 227  41   0   0   0   0  12   0   1   8   9 135 255 255 250 255 255 255 255 255 255 255 255 255 255 255 255 255 255 255 255 255 255 255 255 255 255 255 255]
 [252 252 252 252 252 255 255 255 234 250 255 250 255 234  33   0  16   0  18  22   0   0  18  81  67 138 243 244 255 252 252 252 252 252 252 252 252 252 252 252 252 252 252 252 252 252 252 252 252 252 252 252 252]
 [255 255 255 255 255 255 252 255 255 255 239 255 245  70   0  17   0   0   1   0   6   2 148 246 119  74 255 255 245 255 255 255 255 255 255 255 255 255 255 255 255 255 255 255 255 255 255 255 255 255 255 255 255]
 [252 252 252 252 252 250 251 249 255 252 241 255 107   0   1   0   0   9   1   8  29 212 246 255 165  31 232 255 255 252 252 252 252 252 252 252 252 252 252 252 252 252 252 252 252 252 252 252 252 252 252 252 252]
 [255 255 255 255 255 253 255 249 248 255 255 185   4   8   5   8   0  20   0  29 210 248 247 248 209  18 249 255 242 255 255 255 255 255 255 255 255 255 255 255 255 255 255 255 255 255 255 255 255 255 255 255 255]
 [254 254 254 254 254 253 253 255 247 255 247  32   1   0   4   0  10   0  42 231 255 255 255 255 248   0 211 248 255 254 254 254 254 254 254 254 254 254 254 254 254 254 254 254 254 254 254 254 254 254 254 254 254]
 [255 255 255 255 255 252 254 255 255 255 133  18   0   1   0   8   1  48 225 255 243 255 253 252 254  37 158 255 248 255 244 246 255 255 251 253 255 255 255 255 254 255 255 254 243 255 255 255 255 255 255 255 255]
 [253 253 253 253 253 255 255 255 251 251   8   0   0   6   0   6  32 230 255 255 255 255 255 255 254  70 127 255 255 248 255 255 255 245 252 255 249 253 254 252 250 252 255 255 255 253 253 253 253 253 253 253 253]
 [255 255 255 255 255 255 246 248 255 143   0  23   0   0  17  18 218 255 251 227 255 245 255 255 255 113  88 228 250 255 246 244 253 255 255 255 255 255 255 255 255 255 254 255 255 255 255 255 255 255 255 255 255]
 [252 252 252 252 252 255 255 255 253  38  12   1   0   2   0 208 250 255 255 255 249 255 255 244 209  93  17  71  74  86 114 171 237 255 253 247 255 253 249 250 255 255 249 247 250 252 252 252 252 252 252 252 252]
 [  3   3   3   3   3   0   0   2  11   0   0   0  14   0   2   0  10   0   0   2  11  14   0   1   8   0   0   0   0   0   0   0   0   8  11   0   0   3   0   0   3   6   6   4   4   3   3   3   3   3   3   3   3]
 [  0   0   0   0   0  14  11   0   0  13   0   2   0   1   6   0   7  16   6   0   0   1   0   0   0   0  18   0   1  12  13   0   0   3   0   0   7   2   2   0   0   0   0   0   0   0   0   0   0   0   0   0   0]
 [255 255 255 255 255 243 255 246 102   4   0   7   4 179 255 255 244 243 255 255 129   0   3  15   0   0   0   0  12   0   3   5   7   0   0  30 123 244 255 255 255 250 255 255 254 255 255 255 255 255 255 255 255]
 [253 253 253 253 253 255 249 255  36   0   7   2  62 255 247 255 255 254 255 153   2   0   5   0   0  16   0   4   0   0   8   0   0  12   3   0   4 199 236 255 255 250 255 255 254 253 253 253 253 253 253 253 253]
 [255 255 255 255 255 251 255 255   5   0   3   0 190 255 245 255 253 246 231  25   0   1   0   8   0   0   5   9   4   8   1   0   5   1   4   5   5  25 255 248 255 255 255 253 254 255 255 255 255 255 255 255 255]
 [255 255 255 255 255 255 255 255   5   0   9  53 240 255 249 255 255 251 114   0   0   2   0   3   6  33  43   0  78  74  36  18  16   0   4   0   0   9 166 255 254 253 255 255 253 255 255 255 255 255 255 255 255]
 [255 255 255 255 255 255 250 252   7   0   6 128 255 254 255 255 255 245  16   0   4   0  18 102 229 255 163  23 255 255 255 213  94   0   0  21   3   0  60 255 255 254 252 255 252 255 255 255 255 255 255 255 255]
 [255 255 255 255 255 255 252 254  21   0   3 182 255 250 255 254 247 200   0  11   0  33 187 255 255 251 225   6 208 239 255 255 231 163   3   0   0   0   5 248 255 255 251 255 254 255 255 255 255 255 255 255 255]
 [255 255 255 255 255 255 255 255  50   0   8 218 250 255 255 253 252 140   0   5   1 174 253 255 246 254 246   9 207 255 255 255 255 244 102   0   4   0   0 201 255 255 251 253 255 255 255 255 255 255 255 255 255]
 [255 255 255 255 255 252 255 254  88   0   7 225 255 255 250 254 255 128   0   0  59 246 255 255 249 255 255  32 142 242 251 254 255 246 242  18   3   0   7 156 253 255 254 253 255 255 255 255 255 255 255 255 255]
 [255 255 255 255 255 250 255 252 140   0   0 202 255 251 252 255 255 168   3   0 128 255 250 255 254 251 255  93 110 255 253 248 255 247 254  55  12   0   4 141 255 254 255 255 255 255 255 255 255 255 255 255 255]
 [255 255 255 255 255 255 255 255 186  11   0 176 255 250 255 255 240 206   3   0 153 255 246 255 255 243 255 128  58 250 255 250 255 255 255 149   0   5   0 146 255 249 255 255 248 255 255 255 255 255 255 255 255]
 [  1   1   1   1   1   7   4   0  19   0   3   0   5   0   9   0   8   6   0   4   4   6   5   0   0   3   0   5   0   6   0  12   0   9   6   0   9   3   0  10   7   0   2   1   0   1   1   1   1   1   1   1   1]
 [  0   0   0   0   0   0   7   0   0  17   0  20   0   6   0  10   0   0   8   0   8   0   5   5   3   0   9   0   8   7   0   0   0   0   5  17   0   0   4   0   0  13   0   5   0   0   0   0   0   0   0   0   0]
 [255 255 255 255 255 255 255 255 255 238   0   0 183 247 255 255 239 255 251  49   0 227 255 255 244 255 243 254   0 201 245 255 255 255 242 177   1   0  56 238 255 255 255 255 251 255 255 255 255 255 255 255 255]
 [252 252 252 252 252 255 240 255 255 226 131   7  53 250 255 249 255 229 249 197  35  67 255 254 255 253 255 255  60 158 245 255 248 239 255 171   0   1  92 255 255 236 255 247 252 252 252 252 252 252 252 252 252]
 [255 255 255 255 255 250 255 255 252 255 244  38   0  92 255 250 247 255 255 255 217  29 120 255 237 255 252 253  86 115 251 255 255 255 255  96   0   0 212 246 255 255 250 251 255 255 255 255 255 255 255 255 255]
 [253 253 253 253 253 249 255 247 244 252 255 196  31  15 155 253 255 254 248 255 246 255  75 116 255 250 249 255 148  74 255 252 245 255 248  48   0 109 255 252 255 243 244 252 255 253 253 253 253 253 253 253 253]
 [255 255 255 255 255 249 255 255 250 255 250 255 206  18   1 164 250 248 244 255 255 255 255 237 249 255 241 255 162  33 255 255 245 251 145   4  31 240 245 254 255 246 255 255 241 255 255 255 255 255 255 255 255]
 [255 255 255 255 255 255 243 253 255 252 255 255 250 206  28  10 112 255 255 245 253 243 255 249 255 255 255 246 228   9 232 255 255 218   9  13 211 255 255 246 255 255 243 255 255 255 255 255 255 255 255 255 255]
 [254 254 254 254 254 254 254 254 254 254 254 254 254 255 224 103   0  47 192 255 252 250 255 255 251 251 255 255 252  10 208 252 173   6  22 216 244 254 254 254 254 254 254 254 254 254 254 254 254 254 254 254 254]
 [255 255 255 255 255 255 255 255 255 255 255 255 255 251 255 246 155  42   0  58 159 245 255 255 255 255 255 252 242  41  97  70   0  89 214 255 255 255 255 255 255 255 255 255 255 255 255 255 255 255 255 255 255]
 [255 255 255 255 255 255 255 255 255 255 255 255 255 255 246 250 255 238 138  37   0  11  50 100 136 150 140 109  81   0   7  30 136 255 255 248 255 255 255 255 255 255 255 255 255 255 255 255 255 255 255 255 255]
 [  0   0   0   0   0   0   0   0   0   0   0   0   0   0   4   2   1   8   5   0   0   4   5   2   0   0   0   0   0  24   0   1   8   0  11   0   4   0   0   0   0   0   0   0   0   0   0   0   0   0   0   0   0]
 [  0   0   0   0   0   0   0   0   0   0   0   0   0   2   4   0   0   0   0   0   8   0   0   0   2   5   8   8   5   0   0  13   0   3   0  21   0   0   0   0   0   0   0   0   0   0   0   0   0   0   0   0   0]
 [255 255 255 255 255 255 255 255 255 255 255 255 255 250 255 253 255 255 255 255 255 255 255 255 252 252 253 255 255 206  21 255 249 255 243 244 255 255 255 255 255 255 255 255 255 255 255 255 255 255 255 255 255]
 [255 255 255 255 255 255 255 255 255 255 255 255 255 255 255 254 239 247
  255 255 250 253 253 253 254 254 254 254 255 241   0 216 255 255 249 255
  235 255 255 255 255 255 255 255 255 255 255 255 255 255 255 255 255]
 [254 254 254 254 254 254 254 254 254 254 254 254 254 252 252 251 255 255
  251 246 255 255 254 254 255 255 253 253 253 255  32 182 255 245 255 253
  255 254 254 254 254 254 254 254 254 254 254 254 254 254 254 254 254]
 [255 255 255 255 255 255 255 255 255 255 255 255 255 244 255 255 248 255
  255 253 249 253 255 255 241 255 255 236 255 254  66 151 253 255 253 255
  253 255 255 255 255 255 255 255 255 255 255 255 255 255 255 255 255]
 [255 255 255 255 255 255 255 255 255 255 255 255 255 255 246 254 252 255
  252 249 255 255 244 247 255 253 249 255 255 255  97 120 255 255 252 255
  255 255 255 255 255 255 255 255 255 255 255 255 255 255 255 255 255]
 [255 255 255 255 255 255 255 255 255 255 255 255 255 255 245 255 251 249
  237 239 255 255 255 241 255 252 250 255 251 255 143  72 255 255 251 255
  255 255 255 255 255 255 255 255 255 255 255 255 255 255 255 255 255]
 [255 255 255 255 255 255 255 255 255 255 255 255 255 239 255 234 131  33
    0   6  49 164 249 255 244 255 255 255 255 255 184  25 254 255 252 255
  255 255 255 255 255 255 255 255 255 255 255 255 255 255 255 255 255]
 [255 255 255 255 255 255 255 255 255 255 255 255 255 255 241  86  16   0
    6   0   0  16 137 255 250 255 248 253 255 252 211   0 245 255 255 255
  255 255 255 255 255 255 255 255 255 255 255 255 255 255 255 255 255]
 [255 255 255 255 255 255 255 255 255 255 255 255 255 244 146   3   0   0
    4   0  10   0  16 194 255 255 249 255 244 251 223   0 229 255 255 254
  255 255 255 255 255 255 255 255 255 255 255 255 255 255 255 255 255]
 [255 255 255 255 255 255 255 255 255 255 255 255 255 255  58   0   6  13
   15   0   0  16   0 109 254 254 253 255 243 255 228   3 211 252 255 253
  255 255 255 255 255 255 255 255 255 255 255 255 255 255 255 255 255]
 [255 255 255 255 255 255 255 255 255 255 255 255 255 239   0  10   2   0
    0   2   8   1   0  76 255 255 246 253 255 255 229  15 199 247 255 254
  255 255 255 255 255 255 255 255 255 255 255 255 255 255 255 255 255]
 [255 255 255 255 255 255 255 255 255 255 255 255 255 216   0   0   0   5
    0   5   5   0  14 114 246 249 255 241 255 255 208   2 226 255 242 255
  249 255 255 255 255 255 255 255 255 255 255 255 255 255 255 255 255]
 [255 255 255 255 255 255 255 255 255 255 255 255 255 237   0  19  24   0
    3   0   0   0   0 194 255 255 249 255 255 251 188   9 250 250 255 248
  254 255 255 255 255 255 255 255 255 255 255 255 255 255 255 255 255]
 [255 255 255 255 255 255 255 255 255 255 255 255 255 255   1   6   0  12
    0  23   2   7 110 254 255 254 255 250 246 255  62 111 255 246 255 241
  255 255 255 255 255 255 255 255 255 255 255 255 255 255 255 255 255]
 [255 255 255 255 255 255 255 255 255 255 255 255 255 247 147   0   0   0
    7   0   0 122 240 246 255 255 248 255 255 141  25 233 253 252 255 251
  255 255 255 255 255 255 255 255 255 255 255 255 255 255 255 255 255]
 [255 255 255 255 255 255 255 255 255 255 255 255 255 255 239  54   7   0
   24 110 230 244 255 255 245 253 249 255 155  12 169 255 255 250 255 254
  255 255 255 255 255 255 255 255 255 255 255 255 255 255 255 255 255]
 [255 255 255 255 255 255 255 255 255 255 255 255 255 243 255 229  47   0
   13 152 247 246 252 247 255 255 238 108   0 126 255 250 255 244 255 249
  255 255 255 255 255 255 255 255 255 255 255 255 255 255 255 255 255]
 [255 255 255 255 255 255 255 255 255 255 255 255 255 255 239 255 255 143
   23   0  48 124 148 152 154  67  16  28 180 255 243 253 255 246 255 252
  255 255 255 255 255 255 255 255 255 255 255 255 255 255 255 255 255]
 [255 255 255 255 255 255 255 255 255 255 255 255 255 251 255 245 251 255
  235 200 109  58  44  53  56 115 164 255 248 247 255 253 255 252 250 255
  250 255 255 255 255 255 255 255 255 255 255 255 255 255 255 255 255]
 [255 255 255 255 255 255 255 255 255 255 255 255 255 255 255 255 255 255
  255 255 255 255 255 255 255 255 255 255 255 255 255 255 255 255 255 255
  255 255 255 255 255 255 255 255 255 255 255 255 255 255 255 255 255]
 [255 255 255 255 255 255 255 255 255 255 255 255 255 255 255 255 255 255
  255 255 255 255 255 255 255 255 255 255 255 255 255 255 255 255 255 255
  255 255 255 255 255 255 255 255 255 255 255 255 255 255 255 255 255]
 [255 255 255 255 255 255 255 255 255 255 255 255 255 255 255 255 255 255
  255 255 255 255 255 255 255 255 255 255 255 255 255 255 255 255 255 255
  255 255 255 255 255 255 255 255 255 255 255 255 255 255 255 255 255]
 [255 255 255 255 255 255 255 255 255 255 255 255 255 255 255 255 255 255
  255 255 255 255 255 255 255 255 255 255 255 255 255 255 255 255 255 255
  255 255 255 255 255 255 255 255 255 255 255 255 255 255 255 255 255]
 [255 255 255 255 255 255 255 255 255 255 255 255 255 255 255 255 255 255
  255 255 255 255 255 255 255 255 255 255 255 255 255 255 255 255 255 255
  255 255 255 255 255 255 255 255 255 255 255 255 255 255 255 255 255]]